-63.00660705566406 -63.49216079711914 31.077796936035156
-54.78073501586914 -77.9265365600586 46.53187561035156
-41.620948791503906 -85.3396224975586 44.181278228759766
-27.803335189819336 -92.334716796875 41.456451416015625
-15.941614151000977 -88.73252868652344 30.947017669677734
-29.310869216918945 -82.41446685791016 30.90892219543457
-42.269142150878906 -80.32903289794922 32.58476638793945
-50.854129791259766 -75.79518127441406 32.061641693115234
61.105987548828125 -63.43769836425781 25.871204376220703
55.4717903137207 -72.22474670410156 27.349605560302734
44.2758674621582 -81.48018646240234 30.044679641723633
31.470806121826172 -83.1278305053711 30.03009605407715
23.30523681640625 -86.27083587646484 30.97043228149414
32.97190856933594 -89.97335052490234 39.436126708984375
45.629173278808594 -83.26343536376953 42.01980972290039
58.9615364074707 -73.67560577392578 41.72597885131836
-47.68738555908203 -71.2032470703125 19.50821876525879
-40.661033630371094 -75.67466735839844 22.812379837036133
-34.6119499206543 -78.13239288330078 23.734634399414062
-28.726383209228516 -77.09907531738281 23.045711517333984
-18.830827713012695 -73.86124420166016 17.58968734741211
-28.259605407714844 -76.1551742553711 17.1071834564209
-34.386993408203125 -76.74493408203125 15.999918937683105
-40.65668869018555 -74.92573547363281 16.659303665161133
47.76031494140625 -70.6868667602539 19.260372161865234
43.20172119140625 -73.23735046386719 16.802085876464844
37.620304107666016 -75.37255096435547 15.302759170532227
32.03794860839844 -75.1528091430664 16.28191375732422
22.17925453186035 -74.32576751708984 16.70578956604004
32.3658332824707 -75.79322814941406 22.61532974243164
38.26605987548828 -76.84388732910156 23.4218692779541
43.90809631347656 -74.3946304321289 22.412981033325195
-34.66075897216797 -75.63790893554688 20.58440589904785
37.598724365234375 -74.46241760253906 20.264883041381836
11.954282760620117 -82.06497955322266 15.835674285888672
16.145540237426758 -97.55206298828125 -11.817325592041016
21.615032196044922 -84.38087463378906 -22.220460891723633
19.111055374145508 -87.15522766113281 -29.89655113220215
13.089146614074707 -96.07318878173828 -24.745990753173828
2.137859344482422 -97.8320083618164 -33.87541580200195
-6.969211101531982 -102.32096099853516 -24.419071197509766
-13.232155799865723 -89.50198364257812 -29.843801498413086
-16.835981369018555 -86.12417602539062 -22.46026611328125
-11.507512092590332 -96.59343719482422 -10.472356796264648
-8.432222366333008 -83.81478118896484 16.741901397705078
12.500513076782227 -110.09545135498047 -22.049434661865234
-23.249942779541016 -76.86061096191406 -55.96815872192383
-14.83203125 -89.46377563476562 -50.734806060791016
-5.539328098297119 -94.76303100585938 -47.85050964355469
1.197776436805725 -94.8414306640625 -49.641624450683594
7.668490886688232 -95.16048431396484 -47.88789367675781
19.01921844482422 -88.43435668945312 -53.28007507324219
25.77672004699707 -78.99065399169922 -57.3764762878418
13.476865768432617 -89.23165893554688 -62.632545471191406
0.20453999936580658 -92.19741821289062 -63.42715835571289
-12.452425003051758 -87.52584075927734 -61.93022155761719
-11.299250602722168 -86.97689056396484 -55.965206146240234
-0.1496639847755432 -91.63394165039062 -56.494651794433594
12.331502914428711 -88.63880920410156 -56.58779525756836
-11.20985221862793 -86.83491516113281 -56.945945739746094
-0.3308160901069641 -91.56391143798828 -57.35061264038086
12.04849910736084 -88.75511169433594 -57.19580841064453
-76.97148895263672 11.583922386169434 -35.65116882324219
-68.28190612792969 -5.40140962600708 -62.810550689697266
-54.08989715576172 -29.794261932373047 -85.39474487304688
-32.43359375 -53.05868148803711 -97.94845581054688
-13.272736549377441 -67.817626953125 -106.14436340332031
-6.480589389801025 -69.28489685058594 -107.24982452392578
11.331830978393555 -65.11051940917969 -106.36263275146484
39.931400299072266 -55.80781173706055 -92.70320892333984
59.84245300292969 -19.95320701599121 -82.2220230102539
67.71440124511719 -0.3783362805843353 -68.31269836425781
74.25784301757812 10.342574119567871 -43.308807373046875
