-81.0339126586914 51.98646926879883 30.044300079345703
-72.52470397949219 57.6086311340332 42.79884719848633
-64.6173324584961 66.39910888671875 56.046810150146484
-47.69271469116211 69.13910675048828 65.13711547851562
-27.105648040771484 63.522483825683594 66.25178527832031
-38.21002197265625 61.295265197753906 60.02827835083008
-50.52537536621094 54.78031539916992 50.14188003540039
-75.67249298095703 53.8940315246582 39.988956451416016
47.74086380004883 69.03678894042969 45.54198455810547
42.1161003112793 67.13780975341797 50.25065994262695
31.080415725708008 65.68111419677734 55.69422149658203
17.584239959716797 64.5407943725586 55.595123291015625
9.174227714538574 65.32799530029297 60.83977127075195
22.958419799804688 73.5845718383789 62.94721984863281
30.459815979003906 77.05189514160156 60.68443298339844
38.477176666259766 70.04008483886719 54.4632682800293
-52.125240325927734 46.800235748291016 42.56006622314453
-47.180973052978516 48.60846710205078 46.7403450012207
-41.82493591308594 49.7177734375 47.40327072143555
-36.202999114990234 50.588226318359375 45.859046936035156
-26.80173683166504 45.89555740356445 43.630367279052734
-35.80382537841797 44.79068374633789 44.03895568847656
-40.727413177490234 42.32752990722656 43.546504974365234
-45.05534362792969 43.145076751708984 43.03047561645508
36.872718811035156 56.82704544067383 44.71384811401367
32.431209564208984 53.434478759765625 47.55211639404297
27.025989532470703 52.01218032836914 49.020362854003906
21.32498550415039 52.46835708618164 49.267574310302734
12.485064506530762 52.682456970214844 48.77848434448242
21.037391662597656 57.7359504699707 51.04267120361328
26.581504821777344 58.21726989746094 52.35389709472656
31.869888305664062 58.423553466796875 49.57355880737305
-41.217037200927734 46.92671203613281 44.4741325378418
26.699966430664062 56.76913833618164 49.82493209838867
2.7552826404571533 50.3243522644043 58.04259490966797
10.167140007019043 26.04437255859375 69.25901794433594
17.574979782104492 15.012459754943848 57.67921829223633
13.300569534301758 6.575786113739014 59.083194732666016
7.855993270874023 11.361557006835938 70.71171569824219
-1.6322678327560425 2.904633045196533 69.0160140991211
-12.293347358703613 10.251465797424316 72.00538635253906
-16.26713752746582 2.302419424057007 55.93593215942383
-21.38435173034668 10.096944808959961 55.87602615356445
-17.804336547851562 21.16826629638672 66.80387115478516
-16.03417205810547 47.352378845214844 56.66334915161133
-3.544285535812378 15.574189186096191 86.69822692871094
-23.07796859741211 -26.00092315673828 42.326904296875
-14.35415267944336 -20.3706111907959 56.5052375793457
-6.363124847412109 -16.191980361938477 63.171905517578125
0.7289977669715881 -16.779735565185547 64.36778259277344
7.8466267585754395 -13.940654754638672 64.30047607421875
17.16791534423828 -15.593498229980469 59.4224739074707
27.454113006591797 -18.16030502319336 47.05087661743164
15.348690032958984 -25.574148178100586 55.796749114990234
3.441406726837158 -28.262800216674805 57.2313232421875
-9.909547805786133 -29.298837661743164 52.933536529541016
-8.626678466796875 -22.2893009185791 54.878726959228516
1.7425727844238281 -21.154739379882812 59.44990158081055
12.256229400634766 -18.781869888305664 58.06306457519531
-8.191709518432617 -24.105260848999023 54.19447708129883
2.0681276321411133 -21.565345764160156 58.46989059448242
12.406167984008789 -21.318510055541992 56.51727294921875
-62.471519470214844 -4.057798862457275 -45.286643981933594
-51.20454025268555 -30.78700065612793 -26.635494232177734
-37.43952178955078 -46.71147537231445 -8.592068672180176
-24.080299377441406 -56.12069320678711 10.408738136291504
-7.854229927062988 -65.17920684814453 28.872398376464844
9.762960433959961 -63.87413787841797 36.538902282714844
27.1591739654541 -59.808387756347656 33.63513946533203
44.443870544433594 -47.11517333984375 16.421741485595703
57.30831527709961 -33.75785446166992 -4.185365676879883
66.99894714355469 -13.486621856689453 -23.489395141601562
72.19607543945312 15.311356544494629 -35.767608642578125
